Date,High,Low,Open,Close,Volume,Adj Close,Total Traded,MA10,Returns
2020-12-31,87.875,86.80449676513672,86.8635025024414,87.63200378417969,21070000,87.63200378417969,1830213997.7264404,,
2021-01-04,88.12449645996094,85.35700225830078,88.0,86.30650329589844,37324000,86.30650329589844,3284512000.0,,-0.015125758068315953
2021-01-05,87.34149932861328,85.84500122070312,86.25450134277344,87.00250244140625,20360000,87.00250244140625,1756141647.3388672,,0.008064272319336263
2021-01-06,87.19850158691406,84.80500030517578,85.01300048828125,86.14399719238281,46588000,86.14399719238281,3960585666.748047,,-0.00986759259713954
2021-01-07,88.89099884033203,86.33799743652344,86.33799743652344,88.71700286865234,41936000,88.71700286865234,3620670260.498047,,0.029868658991099695
2021-01-08,89.96800231933594,88.06099700927734,88.85800170898438,89.8915023803711,35484000,89.8915023803711,3153037332.6416016,,0.013238719453334324
2021-01-11,89.21900177001953,87.60700225830078,88.85099792480469,87.81449890136719,34796000,87.81449890136719,3091659323.791504,,-0.023105670992294436
2021-01-12,88.3949966430664,85.81900024414062,87.26799774169922,86.87149810791016,29528000,86.87149810791016,2576849437.3168945,,-0.010738554626568031
2021-01-13,87.81950378417969,86.36599731445312,86.36599731445312,87.36250305175781,23432000,87.36250305175781,2023728049.0722656,,0.005652083301680211
2021-01-14,88.37750244140625,86.30349731445312,87.44349670410156,86.5459976196289,29212000,86.5459976196289,2554399425.720215,,-0.009346177176782211
2021-01-15,87.38099670410156,85.58550262451172,86.45099639892578,86.38099670410156,31444000,86.38099670410156,2718365130.7678223,,-0.0019065112202244494
2021-01-19,90.19200134277344,86.6415023803711,87.1500015258789,89.22350311279297,41660000,89.22350311279297,3630669063.568115,,0.03290661739443013
2021-01-20,94.98600006103516,90.97550201416016,91.31849670410156,94.00350189208984,64152000,94.00350189208984,5858264200.561523,,0.05357331434581969
2021-01-21,96.60399627685547,93.97049713134766,94.68250274658203,94.2074966430664,58634000,94.2074966430664,5551613866.043091,,0.002170076080896921
2021-01-22,95.21949768066406,93.82499694824219,94.572998046875,94.62799835205078,32744000,94.62799835205078,3096698248.046875,,0.004463569503152964
2021-01-25,96.09100341796875,92.95800018310547,95.63700103759766,94.71399688720703,50586000,94.71399688720703,4837893334.487915,,0.0009088064489781722
2021-01-26,95.7874984741211,93.80650329589844,94.29949951171875,95.39749908447266,31462000,95.39749908447266,2966850853.6376953,,0.007216485627563607
2021-01-27,94.02349853515625,89.86399841308594,93.74549865722656,90.9469985961914,82512000,90.9469985961914,7735128585.205078,,-0.04665217150336842
2021-01-28,94.39949798583984,91.55000305175781,91.55000305175781,92.66000366210938,55278000,92.66000366210938,5060701068.695068,,0.018835201736824514
2021-01-29,92.37699890136719,90.0780029296875,91.70099639892578,91.36799621582031,44530000,91.36799621582031,4083445369.644165,,-0.013943528979347475
2021-02-01,95.7770004272461,92.22949981689453,92.22949981689453,94.65350341796875,40252000,94.65350341796875,3712421826.6296387,,0.035959059388669834
2021-02-02,97.46849822998047,95.31849670410156,95.65650177001953,95.95600128173828,66332000,95.95600128173828,6345087075.408936,,0.01376069365354593
2021-02-03,105.33100128173828,100.67749786376953,103.28050231933594,102.94400024414062,97882000,102.94400024414062,10109302128.02124,,0.07282503302617571
2021-02-04,103.46499633789062,101.75499725341797,103.03099822998047,102.68150329589844,48596000,102.68150329589844,5006894389.984131,,-0.002549900408179706
2021-02-05,104.7969970703125,102.5,102.97799682617188,104.44149780273438,29866000,104.44149780273438,3075540853.210449,,0.017140326644460302
2021-02-08,105.75,103.1675033569336,105.0,104.22599792480469,28828000,104.22599792480469,3026940000.0,,-0.0020633549160383735
2021-02-09,104.92549896240234,103.5,103.73999786376953,103.76950073242188,21892000,103.76950073242188,2271076033.2336426,,-0.004379878355419198
2021-02-10,104.94400024414062,102.61199951171875,104.15699768066406,104.3239974975586,25102000,104.3239974975586,2614548955.7800293,,0.0053435427676049585
2021-02-11,104.69999694824219,103.44300079345703,104.55000305175781,104.4375,20480000,104.4375,2141184062.5,,0.0010879807634294192
2021-02-12,104.9749984741211,103.67849731445312,103.9885025024414,104.75150299072266,18990000,104.75150299072266,1974741662.5213623,,0.003006611520983027
2021-02-16,107.25700378417969,104.5875015258789,104.5875015258789,105.53500366210938,31004000,105.53500366210938,3242630897.3083496,,0.0074796126930618545
2021-02-17,106.12200164794922,104.4175033569336,104.6989974975586,105.93099975585938,20294000,105.93099975585938,2124761455.215454,,0.00375227251630994
2021-02-18,106.09950256347656,104.66649627685547,105.25,105.29049682617188,22546000,105.29049682617188,2372966500.0,,-0.0060464163574749374
2021-02-19,105.92900085449219,104.17150115966797,105.3895034790039,104.44049835205078,37938000,104.44049835205078,3998266982.98645,,-0.008072888814689372
2021-02-22,104.0165023803711,102.4000015258789,102.68000030517578,102.71299743652344,29466000,102.71299743652344,3025568888.9923096,,-0.016540527312539632
2021-02-23,103.625,99.5114974975586,100.69950103759766,103.00599670410156,34658000,103.00599670410156,3490043306.9610596,,0.0028526016657162145
2021-02-24,104.41600036621094,101.37650299072266,101.50199890136719,104.19049835205078,22608000,104.19049835205078,2294757191.1621094,,0.011499346502629848
2021-02-25,104.1500015258789,100.32450103759766,102.79650115966797,100.79750061035156,41548000,100.79750061035156,4270989030.181885,,-0.03256532788848532
2021-02-26,102.82599639892578,100.05049896240234,101.49749755859375,101.09549713134766,40042000,101.09549713134766,4064162797.241211,,0.0029563879976355345
2021-03-01,103.8115005493164,101.72100067138672,102.4000015258789,103.48300170898438,26060000,103.48300170898438,2668544039.7644043,,0.023616329563469707
2021-03-02,104.73699951171875,102.83350372314453,103.24199676513672,103.2239990234375,25564000,103.2239990234375,2639278405.303955,,-0.0025028524614626457
2021-03-03,103.79949951171875,99.69999694824219,102.59750366210938,100.57050323486328,33892000,100.57050323486328,3477234594.116211,,-0.02570619055333956
2021-03-04,103.72949981689453,100.27149963378906,100.74349975585938,101.69650268554688,49216000,101.69650268554688,4958192083.984375,,0.011196120278468058
2021-03-05,105.30999755859375,101.38899993896484,103.05750274658203,104.85350036621094,53100000,104.85350036621094,5472353395.843506,,0.03104332594824566
2021-03-08,105.68699645996094,100.2594985961914,104.2030029296875,100.375,36868000,100.375,3841756312.0117188,,-0.042711977669504075
2021-03-09,103.19599914550781,101.77999877929688,102.48750305175781,102.01799774169922,33920000,102.01799774169922,3476376103.515625,,0.016368595185048296
2021-03-10,103.06999969482422,100.96649932861328,103.06999969482422,101.80950164794922,27100000,101.80950164794922,2793196991.7297363,,-0.0020437187394903855
2021-03-11,105.5634994506836,102.82250213623047,102.91100311279297,105.0270004272461,27702000,105.0270004272461,2850840608.230591,,0.031603128659079216
2021-03-12,103.88050079345703,101.62100219726562,103.82050323486328,102.5,33818000,102.5,3511001778.3966064,,-0.02406048365626312
2021-03-15,102.74949645996094,101.3895034790039,102.2490005493164,102.72200012207031,26168000,102.72200012207031,2675651846.3745117,97.41715011596679,0.0021658548494665197
2021-03-16,105.68399810791016,102.9645004272461,103.29949951171875,104.19450378417969,31900000,104.19450378417969,3295254034.423828,97.74587005615234,0.01433484219893999
2021-03-17,104.94999694824219,102.20600128173828,103.42350006103516,104.11100006103516,26382000,104.11100006103516,2728518778.6102295,98.05434005737305,-0.0008014215732290442
2021-03-18,103.4375,100.95899963378906,102.40899658203125,101.06700134277344,31700000,101.06700134277344,3246365191.6503906,98.3774299621582,-0.029238012472045938
2021-03-19,101.85199737548828,100.14649963378906,101.48650360107422,101.3479995727539,46072000,101.3479995727539,4675686193.908691,98.70690002441407,0.0027803162876818277
2021-03-22,102.41699981689453,100.69999694824219,101.38150024414062,101.53450012207031,33536000,101.53450012207031,3399929992.1875,99.0077700805664,0.0018401996102797025
2021-03-23,103.20549774169922,101.4000015258789,101.99749755859375,102.06649780273438,28510000,102.06649780273438,2907948655.395508,99.27055999755859,0.005239575513982686
2021-03-24,103.37999725341797,101.44999694824219,102.58799743652344,101.62650299072266,25218000,101.62650299072266,2587064119.354248,99.54529998779297,-0.004310864206020892
2021-03-25,102.28199768066406,99.80449676513672,101.45249938964844,101.62300109863281,35616000,101.62300109863281,3613332218.2617188,99.82899002075196,-3.4458453127772515e-05
2021-03-26,101.96949768066406,100.19249725341797,101.5895004272461,101.23650360107422,27978000,101.23650360107422,2842271042.953491,100.13346008300782,-0.003803248215268451
2021-03-29,102.46050262451172,100.27249908447266,101.10800170898438,102.28949737548828,26492000,102.28949737548828,2678553181.274414,100.40675018310547,0.010401324986127669
2021-03-30,103.13349914550781,101.80750274658203,102.64900207519531,102.32350158691406,27312000,102.32350158691406,2803549544.6777344,100.73071029663086,0.000332431112658238
2021-03-31,104.31300354003906,102.3499984741211,102.72000122070312,103.1259994506836,42570000,103.1259994506836,4372790451.965332,101.04211029052735,0.007842752166645539
2021-04-01,106.7874984741211,104.57150268554688,104.61250305175781,106.48899841308594,39880000,106.48899841308594,4171946621.7041016,101.30799041748047,0.03261058297922803
2021-04-05,111.44950103759766,107.260498046875,107.35749816894531,110.947998046875,48510000,110.947998046875,5207912236.175537,101.56149032592774,0.04187286668329793
2021-04-06,111.4000015258789,110.0895004272461,110.5459976196289,110.46299743652344,35240000,110.46299743652344,3895640956.1157227,101.88095031738281,-0.0043714228187032855
2021-04-07,112.2249984741211,110.65499877929688,110.65499877929688,111.95149993896484,24134000,111.95149993896484,2670547740.539551,102.18131027221679,0.013475123226642127
2021-04-08,113.5895004272461,112.15049743652344,113.19999694824219,112.52149963378906,28664000,112.52149963378906,3244764712.524414,102.55932022094727,0.0050914877883276866
2021-04-09,113.69850158691406,111.86299896240234,112.27200317382812,113.53350067138672,26146000,113.53350067138672,2935463794.98291,102.9298503112793,0.00899384598402353
2021-04-12,112.84449768066406,111.39099884033203,112.70600128173828,112.23100280761719,25024000,112.23100280761719,2820354976.0742188,103.3529702758789,-0.011472365919020677
2021-04-13,113.17350006103516,112.15249633789062,112.54949951171875,112.72149658203125,25682000,112.72149658203125,2890496246.459961,103.76994033813476,0.004370394651599607
2021-04-14,113.37149810791016,111.8010025024414,113.37149810791016,112.09549713134766,21002000,112.09549713134766,2381028203.262329,104.19278030395508,-0.005553505495094591
2021-04-15,114.80000305175781,112.55850219726562,113.09750366210938,114.26249694824219,29174000,114.26249694824219,3299506571.838379,104.54160034179688,0.019331729394583608
2021-04-16,114.71199798583984,113.5459976196289,114.46199798583984,114.13749694824219,26282000,114.13749694824219,3008290231.063843,104.76523025512695,-0.0010939722423238818
2021-04-19,115.20449829101562,113.50900268554688,113.50900268554688,114.48799896240234,30290000,114.48799896240234,3438187691.345215,104.97479034423829,0.0030708752472388134
2021-04-20,114.94999694824219,112.85600280761719,114.87449645996094,113.95050048828125,22288000,113.95050048828125,2560322777.0996094,105.21272033691406,-0.004694801891835021
2021-04-21,114.0,112.24099731445312,113.60250091552734,113.9175033569336,23204000,113.9175033569336,2636032431.2438965,105.3847703552246,-0.00028957425554310134
2021-04-22,114.44400024414062,112.01599884033203,113.7699966430664,112.6259994506836,24146000,112.6259994506836,2747090338.9434814,105.58537033081055,-0.011337185842314135
2021-04-23,115.30599975585938,113.0625,113.3499984741211,114.99649810791016,29066000,114.99649810791016,3294631055.6488037,105.76923034667969,0.021047526048943554
2021-04-26,116.22650146484375,114.86599731445312,115.22599792480469,115.49649810791016,32038000,115.49649810791016,3691610521.5148926,105.98275024414062,0.0043479584876646715
2021-04-27,115.92250061035156,114.30799865722656,115.88150024414062,114.54900360107422,44386000,114.54900360107422,5143516269.836426,106.22061019897461,-0.008203664373881536
2021-04-28,121.56900024414062,117.66100311279297,119.625,117.9520034790039,81106000,117.9520034790039,9702305250.0,106.52136016845704,0.029707808631674437
2021-04-29,120.20800018310547,118.69249725341797,119.46150207519531,119.63800048828125,41234000,119.63800048828125,4925875576.5686035,106.81661026000977,0.014293924304367156
2021-04-30,119.09249877929688,117.3280029296875,118.4010009765625,117.67500305175781,44856000,117.67500305175781,5310995299.8046875,107.07963027954102,-0.0164078087941274
2021-05-03,119.07749938964844,116.7750015258789,118.24549865722656,117.15399932861328,28242000,117.15399932861328,3339489373.0773926,107.33675018310547,-0.004427480005378626
2021-05-04,116.24949645996094,112.83399963378906,115.67749786376953,115.34149932861328,44818000,115.34149932861328,5184434099.258423,107.59670013427734,-0.015471089424066498
2021-05-05,116.75,115.41400146484375,116.43150329589844,115.7385025024414,26636000,115.7385025024414,3101269521.789551,107.91134017944336,0.003441980346527762
2021-05-06,116.86750030517578,114.6520004272461,115.31649780273438,116.86750030517578,25190000,116.86750030517578,2904822579.650879,108.1876301574707,0.009754729656283212
2021-05-07,118.5625,117.30799865722656,118.19450378417969,117.59649658203125,28898000,117.59649658203125,3415584770.3552246,108.49559020996094,0.006237801569742185
2021-05-10,116.55000305175781,114.22699737548828,116.40699768066406,114.5875015258789,30914000,114.5875015258789,3598605926.300049,108.79378021240234,-0.02558745492943637
2021-05-11,114.01399993896484,111.69599914550781,112.15350341796875,113.50299835205078,34186000,113.50299835205078,3834079667.8466797,108.98885025024414,-0.009464410685167013
2021-05-12,112.39900207519531,109.68099975585938,111.30950164794922,110.01249694824219,46376000,110.01249694824219,5162089448.425293,109.1502003479004,-0.0307525039381088
2021-05-13,111.97200012207031,110.33599853515625,111.30599975585938,111.4520034790039,33204000,111.4520034790039,3695804415.8935547,109.32437026977539,0.013084936445347362
2021-05-14,114.23600006103516,112.5,112.927001953125,113.91899871826172,31996000,113.91899871826172,3613212354.4921875,109.5680403137207,0.022135046138695547
2021-05-17,114.48899841308594,112.77549743652344,113.17849731445312,114.44599914550781,21598000,114.44599914550781,2444429184.9975586,109.77046020507812,0.0046260977815424376
2021-05-18,115.38400268554688,113.1094970703125,115.11750030517578,113.12349700927734,22204000,113.12349700927734,2556068976.776123,109.9887501525879,-0.01155568692750042
2021-05-19,113.74949645996094,111.27200317382812,111.42150115966797,113.57499694824219,23684000,113.57499694824219,2638906833.465576,110.1674301147461,0.0039912127091317195
2021-05-20,115.5999984741211,114.1760025024414,114.55000305175781,115.34750366210938,32352000,115.34750366210938,3705921698.7304688,110.39703018188476,0.01560648700413303
2021-05-21,115.94450378417969,114.46499633789062,115.87049865722656,114.70649719238281,40632000,114.70649719238281,4708050101.44043,110.65622009277344,-0.005557176786454621
2021-05-24,118.27749633789062,115.5979995727539,115.74449920654297,118.052001953125,31832000,118.052001953125,3684378898.742676,110.89470001220702,0.02916578260716296
2021-05-25,119.19999694824219,117.75,118.5999984741211,118.14350128173828,22440000,118.14350128173828,2661383965.7592773,111.22171997070312,0.0007750764671454746
2021-05-26,119.44950103759766,118.322998046875,118.32599639892578,119.0155029296875,21572000,119.0155029296875,2552528394.317627,111.52224990844726,0.0073808685072718205
2021-05-27,119.45249938964844,117.81300354003906,119.45249938964844,118.13400268554688,35224000,118.13400268554688,4207594838.5009766,111.84282989501953,-0.007406600169235111
2021-05-28,118.80349731445312,117.64250183105469,118.72100067138672,117.84249877929688,21482000,117.84249877929688,2550364536.4227295,112.16906997680664,-0.002467569875084452
2021-06-01,119.2854995727539,117.71399688720703,118.72200012207031,119.05899810791016,23354000,119.05899810791016,2772633590.85083,112.51377990722656,0.010323095158492945
2021-06-02,119.68199920654297,117.61799621582031,119.4574966430664,118.52950286865234,21158000,118.52950286865234,2527481713.973999,112.87529983520508,-0.004447334915231638
2021-06-03,117.85099792480469,116.47599792480469,117.2864990234375,117.37899780273438,18696000,117.37899780273438,2192788385.7421875,113.18107986450195,-0.009706486892068544
2021-06-04,119.95149993896484,118.12049865722656,118.4635009765625,119.67849731445312,24458000,119.67849731445312,2897380306.8847656,113.49858993530273,0.019590382902938464
2021-06-07,120.22550201416016,119.05000305175781,119.47200012207031,120.11499786376953,24120000,120.11499786376953,2881664642.944336,113.85897994995118,0.003647276320402959
2021-06-08,120.97599792480469,119.73899841308594,120.60050201416016,119.9219970703125,24240000,119.9219970703125,2923356168.823242,114.23919998168945,-0.0016068001239606389
2021-06-09,120.64399719238281,119.84500122070312,120.57150268554688,120.39700317382812,17942000,120.39700317382812,2163293901.184082,114.6284700012207,0.003960958915961932
2021-06-10,121.80000305175781,120.18900299072266,120.34600067138672,121.75650024414062,25904000,121.75650024414062,3117442801.3916016,114.98240997314453,0.011291784965358875
2021-06-11,122.08599853515625,120.947998046875,122.0,121.51000213623047,21958000,121.51000213623047,2678876000.0,115.36800994873047,-0.0020245170271475654
2021-06-14,122.44599914550781,120.9000015258789,121.61299896240234,122.44550323486328,22098000,122.44550323486328,2687404051.071167,115.70801986694336,0.007698963724681596
2021-06-15,122.77549743652344,121.05599975585938,122.44999694824219,121.41950225830078,21562000,121.41950225830078,2640266834.197998,116.0098698425293,-0.008379245864133744
2021-06-16,121.88600158691406,119.47000122070312,121.5719985961914,120.77249908447266,26472000,120.77249908447266,3218253946.838379,116.23038986206055,-0.005328659414627901
2021-06-17,122.52249908447266,120.5,120.69750213623047,121.74349975585938,25842000,121.74349975585938,3119064850.204468,116.43123992919922,0.008039915367715977
2021-06-18,121.60299682617188,120.01499938964844,121.36699676513672,120.11100006103516,46116000,120.11100006103516,5596960422.821045,116.5945799255371,-0.013409337649221365
2021-06-21,122.0,119.89849853515625,120.50050354003906,121.8125,27414000,121.8125,3303400804.046631,116.75914993286133,0.014166062542982916
2021-06-22,122.4000015258789,121.06400299072266,121.75,122.33049774169922,22390000,122.33049774169922,2725982500.0,116.94002990722656,0.004252418608100328
2021-06-23,123.09549713134766,121.83450317382812,122.09349822998047,122.12699890136719,19148000,122.12699890136719,2337846304.107666,117.13090988159179,-0.001663516817872468
2021-06-24,123.05549621582031,122.30000305175781,122.69999694824219,122.5,21362000,122.5,2621117334.8083496,117.31747985839844,0.003054206702762352
2021-06-25,122.63300323486328,121.56500244140625,122.0,122.50849914550781,34594000,122.50849914550781,4220468000.0,117.49552978515625,6.938077965568112e-05
2021-06-28,122.78500366210938,121.40550231933594,122.67849731445312,122.53600311279297,28526000,122.53600311279297,3499526814.39209,117.65985977172852,0.0002245066054762379
2021-06-29,123.02100372314453,121.69100189208984,122.67050170898438,122.27249908447266,23108000,122.27249908447266,2834669953.491211,117.84308975219727,-0.0021504212772287534
2021-06-30,122.25700378417969,121.35449981689453,121.99449920654297,122.0895004272461,24474000,122.0895004272461,2985693373.5809326,117.9854898071289,-0.0014966460863790054
2021-07-01,122.58699798583984,121.53150177001953,121.7249984741211,122.44450378417969,18110000,122.44450378417969,2204439722.366333,118.14793975830078,0.002907730441121359
2021-07-02,125.40399932861328,123.05950164794922,123.1500015258789,125.25749969482422,25982000,125.25749969482422,3199683339.6453857,118.33553985595704,0.022973639679268132
2021-07-06,126.4280014038086,124.5824966430664,125.64849853515625,126.19000244140625,26404000,126.19000244140625,3317622955.3222656,118.58150985717774,0.0074446859377999
2021-07-07,127.28399658203125,126.15299987792969,127.16200256347656,126.4739990234375,24060000,126.4739990234375,3059517781.677246,118.82022994995117,0.0022505474010361404
2021-07-08,125.59549713134766,124.02200317382812,124.0260009765625,125.04399871826172,23790000,125.04399871826172,2950578563.232422,118.98311996459961,-0.011306674227251845
2021-07-09,125.7344970703125,124.55149841308594,125.0250015258789,125.51850128173828,18632000,125.51850128173828,2329465828.430176,119.09111999511718,0.0037946848176670933
2021-07-12,127.06950378417969,125.61100006103516,126.1780014038086,126.97550201416016,17668000,126.97550201416016,2229312928.80249,119.22544998168945,0.011607856352200185
2021-07-13,128.0574951171875,126.67449951171875,127.03849792480469,127.34149932861328,19240000,127.34149932861328,2444220700.073242,119.39819992065429,0.002882424630322067
2021-07-14,129.32650756835938,127.91449737548828,127.95800018310547,128.23699951171875,23742000,128.23699951171875,3037978840.34729,119.59244995117187,0.0070322729654264116
2021-07-15,128.6999969482422,126.52999877929688,128.6490020751953,127.00499725341797,24218000,127.00499725341797,3115621532.25708,119.85188003540038,-0.009607229294133601
2021-07-16,127.8115005493164,126.15350341796875,127.66300201416016,126.97000122070312,20424000,126.97000122070312,2607389153.137207,120.07651000976563,-0.0002755484703095279
2021-07-19,126.20500183105469,123.50499725341797,126.0895004272461,124.5780029296875,27968000,124.5780029296875,3526471147.9492188,120.29197006225586,-0.018839082208542912
2021-07-20,127.04299926757812,124.35050201416016,125.52749633789062,126.20950317382812,26312000,126.20950317382812,3302879483.642578,120.43862991333008,0.013096214466220335
2021-07-21,127.59600067138672,126.02349853515625,126.13349914550781,127.54900360107422,20746000,127.54900360107422,2616765573.272705,120.63315994262695,0.010613308772804642
2021-07-22,128.48300170898438,127.4990005493164,127.84400177001953,128.42149353027344,14302000,128.42149353027344,1828424913.3148193,120.94696990966797,0.006840429204198584
2021-07-23,133.3990020751953,129.80050659179688,130.4304962158203,133.01499938964844,41506000,133.01499938964844,5413648175.933838,121.32938980102539,0.035768980200282074
2021-07-26,134.23699951171875,132.30149841308594,133.32850646972656,134.03500366210938,30572000,134.03500366210938,4076119099.7924805,121.76983993530274,0.00766834024088503
2021-07-27,134.3990020751953,130.10400390625,134.25050354003906,131.89999389648438,54710000,131.89999389648438,7344845048.675537,122.19630996704102,-0.015928747769554108
2021-07-28,138.2969970703125,135.27749633789062,136.31199645996094,136.093994140625,95130000,136.093994140625,12967360223.236084,122.65897994995117,0.03179681909183474
2021-07-29,136.66099548339844,135.54299926757812,136.14999389648438,135.77749633789062,31716000,135.77749633789062,4318133206.420898,123.07962982177735,-0.002325582438320817
2021-07-30,135.30450439453125,134.2550048828125,135.03500366210938,134.72650146484375,25576000,134.72650146484375,3453655253.6621094,123.55189987182617,-0.007740567482783844
2021-08-02,135.3365020751953,133.79400634765625,135.11700439453125,134.85450744628906,21634000,134.85450744628906,2923121273.071289,123.96323989868164,0.0009501173121364559
2021-08-03,135.73199462890625,133.3195037841797,135.13499450683594,135.6300048828125,20762000,135.6300048828125,2805672755.9509277,124.34852981567383,0.005750623032250601
2021-08-04,135.64950561523438,134.48699951171875,135.34950256347656,135.12550354003906,19676000,135.12550354003906,2663136812.438965,124.7406298828125,-0.0037196883035530703
2021-08-05,136.35000610351562,134.8459930419922,135.6804962158203,136.25149536132812,17870000,136.25149536132812,2424610467.376709,125.08223983764648,0.008332933397398268
2021-08-06,136.47250366210938,135.2100067138672,136.04200744628906,135.73849487304688,20488000,135.73849487304688,2787228648.5595703,125.43656005859376,-0.0037650998759376497
2021-08-09,137.1840057373047,135.33949279785156,135.9425048828125,136.91299438476562,17760000,136.91299438476562,2414338886.71875,125.76636016845703,0.008652663438011743
2021-08-10,137.7725067138672,136.364501953125,137.3419952392578,136.8070068359375,19414000,136.8070068359375,2666357495.574951,126.13878005981445,-0.0007741233715936602
2021-08-11,137.6824951171875,136.27149963378906,137.18150329589844,136.2790069580078,15352000,136.2790069580078,2106010438.5986328,126.50797012329102,-0.0038594505511174715
2021-08-12,137.3000030517578,135.42550659179688,135.97549438476562,137.19400024414062,16506000,137.19400024414062,2244411510.3149414,126.838330078125,0.006714117651405838
2021-08-13,137.85650634765625,137.0330047607422,137.25,137.7274932861328,15948000,137.7274932861328,2188863000.0,127.23760009765626,0.003888603299290194
2021-08-16,138.3625030517578,135.2989959716797,137.52499389648438,138.3094940185547,22384000,138.3094940185547,3078359463.3789062,127.61882995605468,0.004225741124996407
2021-08-17,138.2655029296875,136.08200073242188,137.75,136.6614990234375,21716000,136.6614990234375,2991379000.0,127.98438995361329,-0.011915270219238216
2021-08-18,137.10450744628906,135.32150268554688,136.5,135.44900512695312,19258000,135.44900512695312,2628717000.0,128.30237991333007,-0.008872242037067268
2021-08-19,136.3524932861328,134.25,134.4355010986328,135.67999267578125,21782000,135.67999267578125,2928274084.93042,128.5796598815918,0.0017053469577841263
2021-08-20,137.5540008544922,135.25,136.0,137.42950439453125,31194000,137.42950439453125,4242384000.0,128.89273986816406,0.012894397208073283
2021-08-23,140.87449645996094,137.6074981689453,137.96949768066406,140.04150390625,28454000,140.04150390625,3925784087.005615,129.21212982177735,0.01900610442587536
2021-08-24,142.0800018310547,140.3385009765625,140.6114959716797,141.26150512695312,19268000,141.26150512695312,2709302304.382324,129.59209976196288,0.008711711790240662
2021-08-25,142.1894989013672,141.37600708007812,141.625,142.07899475097656,15848000,142.07899475097656,2244473000.0,129.97559982299805,0.005787065791835966
2021-08-26,142.41749572753906,141.35699462890625,141.75,141.4405059814453,20610000,141.4405059814453,2921467500.0,130.3791598510742,-0.004493899824181136
2021-08-27,144.5124969482422,141.4969940185547,141.65249633789062,144.00399780273438,28780000,144.00399780273438,4076758844.604492,130.79825973510742,0.01812417032519198
2021-08-30,145.9705047607422,144.16299438476562,144.39999389648438,144.5904998779297,24434000,144.5904998779297,3528269450.866699,131.25891967773438,0.0040728180060580765
2021-08-31,145.17149353027344,144.281005859375,145.14700317382812,144.69749450683594,22448000,144.69749450683594,3258259927.2460938,131.75184967041017,0.000739983809424416
2021-09-01,146.25399780273438,144.8834991455078,145.0,145.2154998779297,21936000,145.2154998779297,3180720000.0,132.21684967041017,0.0035799194233405718
2021-09-02,145.51950073242188,143.18499755859375,145.21600341796875,143.28700256347656,32342000,143.28700256347656,4696575982.543945,132.67929977416992,-0.013280244299501476
2021-09-03,144.15499877929688,142.40049743652344,143.08050537109375,143.739501953125,19850000,143.739501953125,2840148031.616211,1
33.08690994262696,0.0031579932691241375
2021-09-07,144.56500244140625,143.61900329589844,143.83450317382812,144.28050231933594,20124000,144.28050231933594,2894525541.870117,133.52360000610352,0.0037637556750917955
2021-09-08,144.39999389648438,143.0,144.10000610351562,143.6909942626953,18344000,143.6909942626953,2643370511.9628906,133.95203018188477,-0.004085846993628239
2021-09-09,144.3105010986328,143.17750549316406,143.8404998779297,143.54100036621094,15314000,143.54100036621094,2202773415.130615,134.37543014526366,-0.0010438642815022714
2021-09-10,144.718505859375,140.73800659179688,144.21249389648438,140.87600708007812,36840000,140.87600708007812,5312788275.146484,134.8197900390625,-0.018566077144047455
2021-09-13,142.9499969482422,141.25,141.94949340820312,142.33250427246094,22094000,142.33250427246094,3136232107.36084,135.22427993774414,0.010338859132732914
2021-09-14,143.36300659179688,141.75,142.99549865722656,142.54449462890625,19674000,142.54449462890625,2813293440.5822754,135.6211898803711,0.0014894022804481377
2021-09-15,144.45050048828125,141.34750366210938,142.77149963378906,144.42950439453125,27408000,144.42950439453125,3913081261.9628906,135.96364990234375,0.013224009601579878
2021-09-16,144.3000030517578,142.40150451660156,143.95050048828125,143.61000061035156,26190000,143.61000061035156,3770063607.788086,136.29941986083983,-0.005674074612491142
2021-09-17,143.4499969482422,140.47000122070312,143.03050231933594,140.8000030517578,53384000,140.8000030517578,7635540335.81543,136.6795098876953,-0.019566865445659
2021-09-20,139.0,136.32200622558594,138.1614990234375,138.71949768066406,46518000,138.71949768066406,6426996611.572266,136.9422398376465,-0.014776316235795561
2021-09-21,140.01150512695312,138.2779998779297,139.74949645996094,139.0330047607422,25332000,139.0330047607422,3540134244.3237305,137.21366973876954,0.0022600073192293735
2021-09-22,140.88699340820312,138.55149841308594,139.3040008544922,140.2834930419922,25056000,140.2834930419922,3490401045.4101562,137.45897979736327,0.008994182952471785
2021-09-23,141.69650268554688,140.40150451660156,140.9875030517578,141.21600341796875,20952000,141.21600341796875,2953970163.9404297,137.71956985473633,0.006647327891225352
2021-09-24,142.33050537109375,140.24099731445312,140.5384979248047,142.21499633789062,22984000,142.21499633789062,3230136836.303711,137.9573597717285,0.007074218896884421
2021-09-27,141.93850708007812,140.0675048828125,140.80450439453125,141.07200622558594,21882000,141.07200622558594,3081084165.161133,138.22018981933593,-0.008037057565919659
2021-09-28,139.09649658203125,135.36000061035156,138.65499877929688,135.8300018310547,45772000,135.8300018310547,6346516604.125977,138.47149978637697,-0.03715836000906403
2021-09-29,137.1510009765625,133.86500549316406,136.97999572753906,134.35350036621094,30848000,134.35350036621094,4225558908.203125,138.70054977416993,-0.010870216041668157
2021-09-30,135.54249572753906,133.55599975585938,134.26150512695312,133.67599487304688,37996000,133.67599487304688,5101400148.803711,138.86310989379882,-0.005042708164040177
2021-10-01,136.91050720214844,134.072998046875,134.44749450683594,136.54299926757812,35360000,136.54299926757812,4754063405.761719,138.99517974853515,0.021447413929883696
2021-10-04,135.9604949951172,131.0500030517578,135.9604949951172,133.6595001220703,51202000,133.6595001220703,6961449264.73999,139.1057797241211,-0.02111788345777532
2021-10-05,137.22450256347656,134.04100036621094,134.04100036621094,136.0229949951172,32404000,136.0229949951172,4343464575.866699,139.12002960205078,0.017682954603962298
2021-10-06,137.75,134.5500030517578,134.75,137.56500244140625,24364000,137.56500244140625,3283049000.0,139.13001953125,0.0113363732826528
2021-10-07,140.04200744628906,138.6510009765625,138.89199829101562,139.22500610351562,25110000,139.22500610351562,3487578077.0874023,139.18161956787108,0.012067049268700725
2021-10-08,140.33099365234375,139.21749877929688,139.57699584960938,139.78550720214844,26526000,139.78550720214844,3702419391.9067383,139.2501596069336,0.004025865139600571
2021-10-11,140.71200561523438,138.85899353027344,139.29200744628906,138.91400146484375,17954000,138.91400146484375,2500848701.690674,139.33529968261718,-0.006234592947066964
2021-10-12,139.5070037841797,135.75999450683594,139.47999572753906,136.44900512695312,36332000,136.44900512695312,5067587204.772949,139.42255950927733,-0.017744765192113987
2021-10-13,138.0,136.5189971923828,137.40249633789062,137.58200073242188,19654000,137.58200073242188,2700508663.0249023,139.46790954589844,0.008303436176867685
2021-10-14,141.33749389648438,138.8249969482422,139.4739990234375,141.1510009765625,31894000,141.1510009765625,4448383724.853516,139.55039947509766,0.02594089506723951
2021-10-15,141.71800231933594,140.7550048828125,141.614501953125,141.3679962158203,30274000,141.3679962158203,4287237432.1289062,139.66907958984376,0.0015373269601810513
2021-10-18,142.79600524902344,141.0695037841797,141.07650756835938,142.7779998779297,20396000,142.7779998779297,2877396448.364258,139.76976959228514,0.009973994820983378
2021-10-19,143.66250610351562,142.60000610351562,143.3874969482422,143.23699951171875,20164000,143.23699951171875,2891265488.4643555,139.91866943359375,0.0032147784265186274
2021-10-20,143.54600524902344,141.37649536132812,143.33799743652344,141.7689971923828,23288000,141.7689971923828,3338055284.301758,140.03858947753906,-0.010248764804765664
2021-10-21,142.156005859375,140.5,141.7689971923828,141.88600158691406,26292000,141.88600158691406,3727390474.182129,140.13033935546875,0.0008253172191976521
2021-10-22,140.58299255371094,136.05599975585938,139.14999389648438,137.56649780273438,50588000,137.56649780273438,7039319891.235352,140.19382934570314,-0.030443480934472023
2021-10-25,138.0,135.4239959716797,137.5500030517578,137.44700622558594,34412000,137.44700622558594,4733370705.01709,140.19982940673827,-0.0008686095746930356
2021-10-26,140.08299255371094,138.30450439453125,139.2635040283203,139.30850219726562,49236000,139.30850219726562,6856777884.338379,140.234599609375,0.013543372262503128
2021-10-27,148.64999389648438,139.40499877929688,139.40499877929688,146.21749877929688,85782000,146.21749877929688,11958439605.285645,140.26769958496095,0.04959493837818929
2021-10-28,147.1580047607422,144.6269989013672,147.13450622558594,145.8489990234375,36206000,145.8489990234375,5327151932.403564,140.48038970947266,-0.00252021651947143
2021-10-29,148.24200439453125,144.64950561523438,145.0780029296875,148.04600524902344,43320000,148.04600524902344,6284779086.9140625,140.69323974609375,0.015063567390221744
2021-11-01,148.04600524902344,143.22549438476562,148.04600524902344,143.4969940185547,46924000,143.4969940185547,6946910750.305176,140.9341598510742,-0.030727010991056458
2021-11-02,146.60899353027344,144.3354949951172,144.57949829101562,145.4324951171875,33482000,145.4324951171875,4840810761.779785,141.06635986328126,0.0134880950773264
2021-11-03,146.66900634765625,144.59100341796875,145.90049743652344,146.59800720214844,27494000,146.59800720214844,4011388276.5197754,141.17213989257812,0.008014110491756155
2021-11-04,149.73350524902344,146.30799865722656,147.12449645996094,148.2675018310547,38412000,148.2675018310547,5651346158.02002,141.28212982177735,0.011388249136321082
2021-11-05,150.32749938964844,148.19700622558594,149.16949462890625,148.8520050048828,38354000,148.8520050048828,5721246796.99707,141.43051971435546,0.003942220423287068
2021-11-08,150.61500549316406,148.4304962158203,149.8249969482422,149.031005859375,23052000,149.031005859375,3453765829.650879,141.5939697265625,0.0012025424480262004
2021-11-09,149.83450317382812,147.2449951171875,149.23300170898438,148.9185028076172,19530000,148.9185028076172,2914520523.376465,141.6906298828125,-0.0007548969498599734
2021-11-10,148.07000732421875,144.53750610351562,147.5,145.89349365234375,29970000,145.89349365234375,4420575000.0,141.73768981933594,-0.020313185388261323
2021-11-11,147.53550720214844,145.60049438476562,146.489501953125,145.76649475097656,16518000,145.76649475097656,2419713593.2617188,141.76747985839845,-0.0008704905077523417
2021-11-12,148.85000610351562,145.41099548339844,146.61549377441406,148.67799377441406,22360000,148.67799377441406,3278322440.7958984,141.79546966552735,0.019973719121197497
2021-11-15,149.54949951171875,147.5749969482422,148.90049743652344,148.45199584960938,23508000,148.45199584960938,3500352893.737793,141.91186950683593,-0.0015200495989177165
2021-11-16,148.7624969482422,147.3125,148.14950561523438,147.87600708007812,18904000,147.87600708007812,2800618254.1503906,141.99816955566405,-0.003879966491759146
2021-11-17,148.5594940185547,147.24000549316406,148.02749633789062,148.0469970703125,19594000,148.0469970703125,2900450763.244629,142.07671936035158,0.0011563065138875395
2021-11-18,150.58050537109375,147.88450622558594,148.2415008544922,149.8385009765625,35608000,149.8385009765625,5278583362.426758,142.1647393798828,0.012100913505183497
2021-11-19,150.9665069580078,148.8990020751953,149.97549438476562,148.92649841308594,33682000,148.92649841308594,5051474601.867676,142.27999938964842,-0.006086570257528234
2021-11-22,149.82949829101562,146.1475067138672,149.33250427246094,146.302001953125,30594000,146.302001953125,4568678635.71167,142.4276596069336,-0.017622763496938032
2021-11-23,146.66000366210938,144.11500549316406,146.1529998779297,145.78199768066406,27218000,145.78199768066406,3977992350.67749,142.49080963134764,-0.003554320962932178
2021-11-24,146.24949645996094,144.3730010986328,145.47349548339844,146.1199951171875,18040000,146.1199951171875,2624341858.520508,142.54484954833984,0.002318512860989941
2021-11-26,144.5574951171875,141.84249877929688,144.34849548339844,142.18299865722656,30470000,142.18299865722656,4398298657.37915,142.5528094482422,-0.026943584666858866
2021-11-29,146.29750061035156,143.89349365234375,144.0,145.53050231933594,32596000,145.53050231933594,4693824000.0,142.57219940185547,0.02354362823771572
2021-11-30,146.0,141.60150146484375,145.0084991455078,141.8975067138672,42068000,141.8975067138672,6100217542.053223,142.70913940429688,-0.024963808600735216
2021-12-01,145.95050048828125,140.91200256347656,144.0,141.05149841308594,34020000,141.05149841308594,4898880000.0,142.79414947509767,-0.005962108287689727
2021-12-02,143.864501953125,140.21449279785156,141.25,142.96600341796875,29194000,142.96600341796875,4123652500.0,142.8330694580078,0.013573092284889787
2021-12-03,144.39999389648438,140.30099487304688,143.68099975585938,142.00149536132812,41230000,142.00149536132812,5923967619.934082,142.88693939208986,-0.006746415466485689
2021-12-06,143.8524932861328,140.14999389648438,143.04049682617188,143.15499877929688,30618000,143.15499877929688,4379613931.82373,142.9369793701172,0.00812317796396167
2021-12-07,147.531005859375,145.2274932861328,145.59649658203125,147.26950073242188,32240000,147.26950073242188,4694031049.8046875,143.03281921386719,0.028741587707100225
2021-12-08,148.39300537109375,146.406005859375,147.59649658203125,148.18649291992188,24270000,148.18649291992188,3582166972.0458984,143.21164916992188,0.006226626578751837
2021-12-09,149.10000610351562,147.11500549316406,147.59100341796875,147.6385040283203,23270000,147.6385040283203,3434442649.536133,143.42386932373046,-0.0036979678836025487
2021-12-10,148.9774932861328,146.70399475097656,148.6999969482422,148.00149536132812,24458000,148.00149536132812,3636904525.3601074,143.71263916015624,0.0024586494925347147
2021-12-13,147.97000122070312,145.5175018310547,147.781494140625,145.82650756835938,27070000,145.82650756835938,4000445046.3867188,143.97931915283203,-0.014695714983546493
2021-12-14,144.47999572753906,141.21499633789062,143.96800231933594,143.90699768066406,38446000,143.90699768066406,5534993817.169189,144.1394692993164,-0.013162969611649644
2021-12-15,146.7209930419922,141.67799377441406,143.40899658203125,146.4409942626953,36370000,146.4409942626953,5215785205.688477,144.3268292236328,0.017608570972026616
2021-12-16,147.677001953125,143.60699462890625,147.17050170898438,144.44500732421875,33650000,144.44500732421875,4952287382.507324,144.5752392578125,-0.013629973959996655
2021-12-17,143.83450317382812,141.3000030517578,142.5,141.72500610351562,50416000,141.72500610351562,7184280000.0,144.6473992919922,-0.01883070430117295
2021-12-20,141.77450561523438,139.3209991455078,140.0,141.60699462890625,27192000,141.60699462890625,3806880000.0,144.655859375,-0.0008326792699037133
2021-12-21,143.86900329589844,140.50250244140625,142.05349731445312,143.47250366210938,28756000,143.47250366210938,4084890368.774414,144.71108917236327,0.013173848072207672
2021-12-22,146.5,143.0675048828125,143.0675048828125,146.4149932861328,26322000,146.4149932861328,3765822863.5253906,144.78283935546875,0.02050908396324691
2021-12-23,148.24349975585938,146.45199584960938,146.5,146.91650390625,26384000,146.91650390625,3865256000.0,144.96478942871093,0.003425268197343012
2021-12-27,148.343994140625,147.16949462890625,147.25599670410156,147.906494140625,15976000,147.906494140625,2352561803.3447266,145.12042938232423,0.006738454891403789
2021-12-28,148.2989959716797,146.05450439453125,148.23599243164062,146.68699645996094,18200000,146.68699645996094,2697895062.2558594,145.25285919189454,-0.008245058391449622
2021-12-29,147.41700744628906,145.6475067138672,146.64450073242188,146.65499877929688,17788000,146.65499877929688,2608512379.0283203,145.3642190551758,-0.00021813576824303293
2021-12-30,147.3000030517578,145.9945068359375,146.69400024414062,146.20050048828125,15688000,146.20050048828125,2301335475.830078,145.43034912109374,-0.0030990985291923234
2021-12-31,146.69850158691406,144.8520050048828,146.0500030517578,144.8520050048828,18136000,144.8520050048828,2648762855.3466797,145.48458923339842,-0.009223603742085196
2022-01-03,145.8509979248047,143.71299743652344,145.05499267578125,144.9915008544922,28646000,144.9915008544922,4155245320.1904297,145.5503091430664,0.0009630232567694463
2022-01-04,146.48500061035156,143.7165069580078,145.39599609375,144.39950561523438,28400000,144.39950561523438,4129246289.0625,145.67522918701172,-0.00408296511015438
2022-01-05,144.49949645996094,137.68800354003906,144.4199981689453,137.77499389648438,54618000,137.77499389648438,7887931459.991455,145.81262908935548,-0.04587627700334107
2022-01-06,139.94000244140625,136.55850219726562,136.99850463867188,137.74749755859375,37348000,137.74749755859375,5116620151.245117,145.7673291015625,-0.00019957422688243742
2022-01-07,138.44850158691406,135.76649475097656,138.14549255371094,137.01699829101562,29760000,137.01699829101562,4111209858.3984375,145.7421389770508,-0.005303176322803194
2022-01-10,138.8195037841797,133.1645050048828,135.0780029296875,138.66949462890625,44408000,138.66949462890625,5998543954.1015625,145.5010089111328,0.012060520654384899
2022-01-11,140.21600341796875,136.6925048828125,138.0070037841797,139.73599243164062,28730000,139.73599243164062,3964941218.7194824,145.35958892822265,0.007690933074995465
2022-01-12,142.60800170898438,140.6945037841797,141.14999389648438,141.4304962158203,26108000,141.4304962158203,3685144040.649414,145.22166870117186,0.012126466164461114
2022-01-13,142.85000610351562,138.40899658203125,141.5399932861328,138.58700561523438,31436000,138.58700561523438,4449451228.942871,145.16087860107422,-0.020105215470974658
2022-01-14,140.74200439453125,136.99850463867188,137.07899475097656,139.48049926757812,29662000,139.48049926757812,4066037142.303467,144.9844485473633,0.006447167599712866
2022-01-18,137.13150024414062,135.43850708007812,136.1750030517578,135.9980010986328,34872000,135.9980010986328,4748694706.420898,144.7654586791992,-0.024967634810831307
2022-01-19,137.95950317382812,135.0155029296875,136.52349853515625,135.1165008544922,28648000,135.1165008544922,3911125186.0351562,144.51253875732422,-0.006481714709184017
2022-01-20,137.62600708007812,132.96449279785156,136.25,133.3074951171875,29908000,133.3074951171875,4074965000.0,144.24103881835939,-0.013388488643980012
2022-01-21,134.86549377441406,130.0865020751953,132.593505859375,130.35150146484375,55652000,130.35150146484375,7379093788.0859375,143.9082489013672,-0.02217424946545732
2022-01-24,131.2030029296875,124.5,125.97799682617188,130.8040008544922,76622000,130.8040008544922,9652686072.814941,143.47780883789062,0.0034713784234428058
2022-01-25,129.3990020751953,126.50050354003906,128.74000549316406,126.93499755859375,46960000,126.93499755859375,6045630657.958984,143.1228189086914,-0.029578631162836988
2022-01-26,133.0,127.14199829101562,131.11900329589844,129.23300170898438,49130000,129.23300170898438,6441876631.92749,142.8128890991211,0.018103786934961397
2022-01-27,132.65249633789062,128.9324951171875,131.3040008544922,129.0050048828125,31950000,129.0050048828125,4195162827.3010254,142.46095916748047,-0.0017642306775887961
2022-01-28,133.35650634765625,128.48500061035156,129.65899658203125,133.3509979248047,34362000,133.3509979248047,4455342440.551758,142.0911489868164,0.033688561509222614
2022-01-31,135.47300720214844,132.20950317382812,134.16200256347656,135.30349731445312,39986000,135.30349731445312,5364601834.503174,141.81383911132812,0.014641805611004477
2022-02-01,137.79299926757812,134.36849975585938,137.59449768066406,137.6439971923828,68644000,137.6439971923828,9445036698.791504,141.60089904785156,0.017298147678254328
2022-02-02,151.54649353027344,145.5225067138672,151.25,148.0,123200000,148.0,18634000000.0,141.62638916015624,0.07523759131422758
2022-02-03,149.6750030517578,142.66549682617188,145.70550537109375,143.08999633789062,71518000,143.08999633789062,10420566333.129883,141.5538491821289,-0.033175700419657894
2022-02-04,144.875,140.51499938964844,143.4445037841797,143.29299926757812,57998000,143.29299926757812,8319494330.4748535,141.4996792602539,0.0014187080500591698
2022-02-07,144.25,138.89999389648438,144.25,139.2010040283203,54974000,139.2010040283203,7929999500.0,141.47520935058594,-0.028556839902671216
2022-02-08,140.0,137.01400756835938,139.02650451660156,139.3990020751953,54284000,139.3990020751953,7546914771.179199,141.36876953125,0.0014223895025549105
2022-02-09,142.52450561523438,140.18699645996094,140.9635009765625,141.5919952392578,40144000,141.5919952392578,5658838783.203125,141.30803955078125,0.015731770898040898
2022-02-10,141.4844970703125,137.95700073242188,139.70350646972656,138.6199951171875,39330000,138.6199951171875,5494538909.454346,141.20193969726563,-0.020989888002131196
2022-02-11,139.156494140625,133.39999389648438,138.60000610351562,134.28250122070312,39958000,134.28250122070312,5538179043.884277,141.09393981933593,-0.031290535631728456
2022-02-14,136.3000030517578,133.25650024414062,133.25650024414062,135.5260009765625,34302000,135.5260009765625,4570964471.374512,140.93406982421874,0.009260326137473296
2022-02-15,138.10850524902344,135.82150268554688,137.57049560546875,136.60850524902344,26680000,136.60850524902344,3670380822.7539062,140.81185974121092,0.007987428719660628
2022-02-16,138.08599853515625,134.9239959716797,136.64649963378906,137.73800659179688,25022000,137.73800659179688,3419168713.83667,140.6839797973633,0.008268162664648582
2022-02-17,137.11349487304688,132.47850036621094,136.2429962158203,132.53900146484375,38950000,132.53900146484375,5306664702.606201,140.49690979003907,-0.03774561034820989
2022-02-18,134.07000732421875,130.19650268554688,133.4669952392578,130.4029998779297,45620000,130.4029998779297,6088764322.814941,140.2143197631836,-0.016116022931413454
2022-02-22,132.1804962158203,128.22349548339844,129.83799743652344,129.81350708007812,44990000,129.81350708007812,5841411504.669189,139.85925964355468,-0.004520546294206285
2022-02-23,132.05099487304688,127.52749633789062,131.64849853515625,127.58799743652344,32786000,127.58799743652344,4316227672.973633,139.51822967529296,-0.017143898917867162
2022-02-24,133.0,124.95349884033203,124.95349884033203,132.6909942626953,54456000,132.6909942626953,6804467732.849121,139.0616697692871,0.039995900309593546
2022-02-25,135.27149963378906,131.75149536132812,133.552001953125,134.45950317382812,36406000,134.45950317382812,4862094183.105469,138.8533497619629,0.01332802516824616
2022-02-28,135.75149536132812,132.59249877929688,133.0500030517578,135.0570068359375,38864000,135.0570068359375,5170855318.603516,138.64616989135743,0.00444374438403905
2022-03-01,136.2554931640625,133.218505859375,134.8784942626953,134.06149291992188,26496000,134.06149291992188,3573740583.984375,138.40032974243164,-0.007371064555169227
2022-03-02,135.2624969482422,133.07150268554688,134.6280059814453,134.57150268554688,23520000,134.57150268554688,3166450700.6835938,138.24288986206054,0.0038042972259726415
2022-03-03,136.4394989013672,133.02549743652344,136.00999450683594,133.89950561523438,24604000,133.89950561523438,3346389904.8461914,138.16308975219727,-0.004993606052558941
2022-03-04,133.85150146484375,130.33749389648438,132.92750549316406,131.906494140625,30430000,131.906494140625,4044983992.1569824,137.9805699157715,-0.014884382623012615
2022-03-07,131.73500061035156,126.29499816894531,131.48800659179688,126.37850189208984,45112000,126.37850189208984,5931686953.369141,137.74897994995118,-0.041908416143952576
2022-03-08,131.25,125.67449951171875,126.25,127.10449981689453,40428000,127.10449981689453,5104035000.0,137.34397994995118,0.0057446315151337135
2022-03-09,133.73550415039062,129.90049743652344,131.25,133.4199981689453,37026000,133.4199981689453,4859662500.0,137.02386001586913,0.04968744899786248
2022-03-10,133.27200317382812,130.91250610351562,131.26600646972656,132.42950439453125,27102000,132.42950439453125,3557571307.3425293,136.68446029663085,-0.007423877889428776
2022-03-11,133.79550170898438,129.63150024414062,133.48849487304688,129.87049865722656,31526000,129.87049865722656,4208358289.367676,136.42134017944335,-0.01932353178398183
2022-03-14,130.40899658203125,125.2750015258789,130.25,125.95099639892578,38812000,125.95099639892578,5055263000.0,136.09246017456056,-0.03018008168772579
2022-03-15,129.85450744628906,125.72049713134766,126.97599792480469,129.197998046875,30920000,129.197998046875,3926097855.834961,135.71098007202147,0.02577988059471137
2022-03-16,133.33299255371094,128.7344970703125,130.73300170898438,133.28050231933594,35576000,133.28050231933594,4650957268.798828,135.42454025268555,0.03159881990570579
2022-03-17,134.08050537109375,132.18499755859375,133.1490020751953,133.83900451660156,28264000,133.83900451660156,3763323394.6533203,135.17960037231444,0.004190426863244223
2022-03-18,136.24400329589844,132.2584991455078,133.42449951171875,136.12550354003906,44566000,136.12550354003906,5946196245.239258,134.95969039916992,0.017083951212098825
2022-03-21,137.0500030517578,134.09249877929688,136.1634979248047,136.10150146484375,26832000,136.10150146484375,3653538976.3183594,134.9429902648926,-0.00017632313248527876
2022-03-22,141.0500030517578,136.10150146484375,136.10150146484375,139.8679962158203,35496000,139.8679962158203,4831058895.996094,134.90211044311525,0.027674160170447992
2022-03-23,139.5885009765625,137.8350067138672,138.70249938964844,138.27549743652344,25154000,138.27549743652344,3488922669.647217,134.97460037231446,-0.011385726702194288
2022-03-24,141.61900329589844,137.75050354003906,139.1999969482422,141.57200622558594,26396000,141.57200622558594,3674323119.445801,134.9984602355957,0.02384015136576023
2022-03-25,142.03500366210938,139.7375030517578,141.91600036621094,141.67300415039062,24126000,141.67300415039062,3423865424.835205,135.01378036499023,0.000713403217891484
2022-03-28,142.00250244140625,139.81149291992188,140.90049743652344,141.45550537109375,35050000,141.45550537109375,4938562435.1501465,135.00099044799805,-0.0015352168227193985
2022-03-29,143.7935028076172,142.0384979248047,142.6475067138672,142.5054931640625,34318000,142.5054931640625,4895377135.406494,135.11236068725586,0.0074227425098387645
2022-03-30,142.7205047607422,141.60000610351562,142.4600067138672,141.93850708007812,19884000,141.93850708007812,2832674773.498535,135.23806076049806,-0.00397869633931669
2022-03-31,142.10800170898438,139.02450561523438,142.05299377441406,139.0675048828125,37524000,139.0675048828125,5330396538.391113,135.3486506652832,-0.02022708464621148
2022-04-01,140.4709930419922,138.3074951171875,139.5,140.15049743652344,25942000,140.15049743652344,3618909000.0,135.4136506652832,0.007787531347625221
2022-04-04,143.71200561523438,140.3105010986328,140.35850524902344,142.97149658203125,25942000,142.97149658203125,3641180343.170166,135.56895065307617,0.02012835628204246
2022-04-05,142.99049377441406,140.38250732421875,142.86900329589844,140.59100341796875,21418000,140.59100341796875,3059968312.5915527,135.90677078247072,-0.01665012412244471
2022-04-06,139.36050415039062,135.51699829101562,138.75,136.54800415039062,32468000,136.54800415039062,4504935000.0,136.10697067260742,-0.02875716915938442
2022-04-07,137.1645050048828,134.2274932861328,136.00999450683594,135.8885040283203,26234000,135.8885040283203,3568086195.892334,136.20479049682618,-0.0048298041862548935
2022-04-08,135.6699981689453,132.9654998779297,135.58349609375,133.28750610351562,25142000,133.28750610351562,3408840258.7890625,136.29038040161132,-0.01914067671436448
2022-04-11,132.09249877929688,128.6685028076172,131.82350158691406,128.82350158691406,36884000,128.82350158691406,4862178032.531738,136.33367050170898,-0.033491545060004846
2022-04-12,131.60000610351562,126.78900146484375,131.60000610351562,127.7145004272461,32710000,127.7145004272461,4304636199.645996,136.28243057250975,-0.008608686660482978
2022-04-13,130.33399963378906,127.74099731445312,128.0,129.8939971923828,27928000,129.8939971923828,3574784000.0,136.09054061889648,0.01706538222242271
2022-04-14,130.47950744628906,126.60099792480469,130.47950744628906,126.7300033569336,31598000,126.7300033569336,4122891476.287842,135.67513076782225,-0.024358276008421775
2022-04-18,128.21249389648438,126.18199920654297,127.0,127.67649841308594,20808000,127.67649841308594,2642616000.0,135.30102066040038,0.007468594895295277
2022-04-19,130.33299255371094,126.99949645996094,127.69149780273438,130.00900268554688,26490000,130.00900268554688,3382547776.7944336,134.9859605407715,0.01826886154814744
2022-04-20,131.3990020751953,127.5,130.89199829101562,128.0399932861328,31696000,128.0399932861328,4148752777.8320312,134.7188005065918,-0.015145177324192738
2022-04-21,130.09849548339844,124.52649688720703,129.25,124.81449890136719,36446000,124.81449890136719,4710645500.0,134.52327041625978,-0.025191303919842922
2022-04-22,125.4020004272461,118.92500305175781,125.0,119.635498046875,56884000,119.635498046875,7110500000.0,134.2040003967285,-0.04149358367880651
2022-04-25,123.27749633789062,118.51100158691406,119.10099792480469,123.0739974975586,46128000,123.0739974975586,5493890832.275391,133.79195022583008,0.02874146475602357
2022-04-26,122.51000213623047,118.51100158691406,122.29450225830078,118.6500015258789,73054000,118.6500015258789,8934102567.977905,133.4658401489258,-0.035945821714025716
2022-04-27,117.24199676513672,112.73650360107422,114.46949768066406,114.29450225830078,91820000,114.29450225830078,10510589277.038574,133.09010009765626,-0.036708800771723005
2022-04-28,119.64949798583984,114.11499786376953,116.41500091552734,118.52249908447266,48884000,118.52249908447266,5690830904.754639,132.6669902038574,0.036992127728215474
2022-04-29,117.91999816894531,113.81449890136719,116.7344970703125,114.1094970703125,42676000,114.1094970703125,4981761396.972656,132.2687501525879,-0.03723345397075151
